"","RS_number","rs6503468","rs9910625","rs7220711","rs66838809","rs7213935","rs80107551"
"1","rs6503468",1,0.74,0.586,0.112,0.416,0.076
"2","rs9910625",0.74,1,0.725,0.148,0.554,0.104
"3","rs7220711",0.586,0.725,1,0.135,0.769,0.089
"4","rs66838809",0.112,0.148,0.135,1,0.177,0.579
"5","rs7213935",0.416,0.554,0.769,0.177,1,0.121
"6","rs80107551",0.076,0.104,0.089,0.579,0.121,1
